001  (008):++++++++
002  (253):++++++++++++++++++++++++++++++++
003  (321):++++++++++++++++++++++++++++++++
004  (261):++++++++++++++++++++++++++++++++
005  (066):++++++++++++++++++++++++++++++++
006  (036):++++++++++++++++++++++++++++++++
007  (102):++++++++++++++++++++++++++++++++
008  (102):++++++++++++++++++++++++++++++++
009  (063):++++++++++++++++++++++++++++++++
010  (020):++++++++++++++++++++
011  (022):++++++++++++++++++++++
012  (050):++++++++++++++++++++++++++++++++
013  (058):++++++++++++++++++++++++++++++++
014  (041):++++++++++++++++++++++++++++++++
015  (014):++++++++++++++
016  (020):++++++++++++++++++++
017  (036):++++++++++++++++++++++++++++++++
018  (032):++++++++++++++++++++++++++++++++
019  (010):++++++++++
020  (011):+++++++++++
021  (013):+++++++++++++
022  (013):+++++++++++++
023  (012):++++++++++++
024  (016):++++++++++++++++
025  (013):+++++++++++++
026  (007):+++++++
027  (015):+++++++++++++++
028  (016):++++++++++++++++
029  (017):+++++++++++++++++
030  (009):+++++++++
031  (015):+++++++++++++++
032  (028):++++++++++++++++++++++++++++
033  (024):++++++++++++++++++++++++
034  (018):++++++++++++++++++
035  (009):+++++++++
036  (010):++++++++++
037  (024):++++++++++++++++++++++++
038  (027):+++++++++++++++++++++++++++
039  (026):++++++++++++++++++++++++++
040  (020):++++++++++++++++++++
041  (030):++++++++++++++++++++++++++++++
042  (034):++++++++++++++++++++++++++++++++
043  (052):++++++++++++++++++++++++++++++++
044  (046):++++++++++++++++++++++++++++++++
045  (018):++++++++++++++++++
046  (020):++++++++++++++++++++
047  (017):+++++++++++++++++
048  (015):+++++++++++++++
049  (010):++++++++++
050  (005):+++++
051  (005):+++++
052  (002):++
053  (001):+
054  (003):+++
055  (000):
056  (000):
057  (000):
058  (000):
059  (000):
060  (000):
061  (000):
062  (000):
063  (000):
                                                                                            
                                                                                            
                                                                                            
                                                                                            
                                                                                            
                                                                                            
                                                                                            
                                                                                            
                                                                                            
                                                1 1                                         
                                                1 1 1                                       
                                                  1                                         
          1 1                         1 1                                                   
                                    1 1 1                                                   
                                  1 1 1 1 1 1 1 1 1 1 1 1                                   
                                1 1 1 1 1 1 1 1 1 1 1 1 1 1 1                               
                              1 1 1 1 1 1 1 1 1 1 1 1 1 1 1 1                               
                            1 1 1 1 1 1 1 1 1 1 1 1 1 1 1 1                                 
                          1 1 1 1 1 1 1 1 1 1 1 1 1 1 1 1       1 1                         
                        1 1 1 1 1 1 1 1 1 1 1 1 1 1 1 1 1   1 1 1 1                         
                      1 1 1 1 1 1 1 1 1 1 1 1 1 1 1 1 1 1   1 1 1 1 1                       
                      1 1 1 1 1 1 1 1 1 1 1 1 1 1 1 1 1         1 1                         
                  1 1 1 1 1 1 1 1 1 1 1 1 1 1 1 1 1 1 1       1 1 1 1                       
                  1 1 1 1 1 1 1 1 1 1 1 1 1 1 1 1 1 1 1     1 1 1 1 1   1                   
                1 1 1 1 1 1 1 1 1 1 1 1 1 1 1 1 1 1 1 1     1 1 1 1 1 1 1 1                 
                  1 1 1 1 1 1 1 1 1 1 1 1 1 1 1 1 1 1 1     1 1 1 1 1 1 1 1                 
                  1 1 1 1 1 1 1 1 1 1   1 1 1 1 1 1 1 1       1 1 1 1 1 1 1                 
                      1 1 1 1 1 1 1     1 1 1 1 1 1 1 1 1       1 1 1 1 1                   
                      1 1 1 1 1 1 1     1 1 1 1 1 1 1 1 1         1 1 1                     
                        1 1 1 1 1 1 1 1 1 1 1 1 1 1 1 1 1           1                       
                          1 1 1 1 1 1 1 1 1 1 1 1 1 1 1 1 1 1                               
                            1 1 1 1 1 1 1 1 1 1 1 1 1 1 1 1 1                               
                            1 1 1 1 1 1 1 1 1 1 1 1 1 1 1 1 1                               
                                1 1 1 1 1 1 1 1 1 1 1 1 1 1                                 
                                  1 1 1     1 1 1 1 1                                       
                                    1 1     1 1 1 1                                         
                                    1 1 1           1                                       
                                        1 1 1 1 1 1 1                                       
                                        1 1 1 1 1 1                                         
                                          1 1 1 1 1                                         
                                            1 1                                             
                                              1                                             
                                                                                            
                                                                                            
                                                                                            
                                                                                            
