001  (021):+++++++++++++++++++++
002  (878):++++++++++++++++++++++++++++++++
003  (943):++++++++++++++++++++++++++++++++
004  (972):++++++++++++++++++++++++++++++++
005  (549):++++++++++++++++++++++++++++++++
006  (105):++++++++++++++++++++++++++++++++
007  (145):++++++++++++++++++++++++++++++++
008  (169):++++++++++++++++++++++++++++++++
009  (120):++++++++++++++++++++++++++++++++
010  (085):++++++++++++++++++++++++++++++++
011  (059):++++++++++++++++++++++++++++++++
012  (088):++++++++++++++++++++++++++++++++
013  (081):++++++++++++++++++++++++++++++++
014  (060):++++++++++++++++++++++++++++++++
015  (033):++++++++++++++++++++++++++++++++
016  (050):++++++++++++++++++++++++++++++++
017  (068):++++++++++++++++++++++++++++++++
018  (062):++++++++++++++++++++++++++++++++
019  (035):++++++++++++++++++++++++++++++++
020  (032):++++++++++++++++++++++++++++++++
021  (030):++++++++++++++++++++++++++++++
022  (033):++++++++++++++++++++++++++++++++
023  (022):++++++++++++++++++++++
024  (037):++++++++++++++++++++++++++++++++
025  (025):+++++++++++++++++++++++++
026  (017):+++++++++++++++++
027  (025):+++++++++++++++++++++++++
028  (043):++++++++++++++++++++++++++++++++
029  (035):++++++++++++++++++++++++++++++++
030  (032):++++++++++++++++++++++++++++++++
031  (028):++++++++++++++++++++++++++++
032  (052):++++++++++++++++++++++++++++++++
033  (057):++++++++++++++++++++++++++++++++
034  (046):++++++++++++++++++++++++++++++++
035  (045):++++++++++++++++++++++++++++++++
036  (026):++++++++++++++++++++++++++
037  (048):++++++++++++++++++++++++++++++++
038  (071):++++++++++++++++++++++++++++++++
039  (044):++++++++++++++++++++++++++++++++
040  (040):++++++++++++++++++++++++++++++++
041  (071):++++++++++++++++++++++++++++++++
042  (081):++++++++++++++++++++++++++++++++
043  (086):++++++++++++++++++++++++++++++++
044  (089):++++++++++++++++++++++++++++++++
045  (064):++++++++++++++++++++++++++++++++
046  (050):++++++++++++++++++++++++++++++++
047  (046):++++++++++++++++++++++++++++++++
048  (487):++++++++++++++++++++++++++++++++
049  (018):++++++++++++++++++
050  (015):+++++++++++++++
051  (011):+++++++++++
052  (003):+++
053  (003):+++
054  (005):+++++
055  (002):++
056  (000):
057  (001):+
058  (005):+++++
059  (000):
060  (000):
061  (000):
062  (000):
063  (000):
                                                                                            
                                                                                            
                                                                                            
                    1                         1         1                                   
                                                                                            
                                                                                            
                                                                                            
                                                                                            
                                              1                                             
                                              1 1 1                                         
                                        1       1 1 1                                       
                                        1         1 1                                       
          1 1                                                                               
                                  1 1 1 1 1 1 1                                             
                                  1 1 1 1 1 1 1 1 1 1 1 1 1                                 
                                1 1 1 1 1 1 1 1 1 1 1 1 1 1 1                               
                              1 1 1 1 1 1 1 1 1 1 1 1 1 1 1 1                               
                            1 1 1 1 1 1 1 1 1 1 1 1 1 1 1 1                                 
                          1 1 1 1 1 1 1 1 1 1 1 1 1 1 1 1     1 1 1                         
                        1 1 1 1 1 1 1 1 1 1 1 1 1 1 1 1 1 1   1 1 1                         
                      1 1 1 1 1 1 1 1 1 1 1 1 1 1 1 1 1     1 1 1 1 1                       
                      1 1 1 1 1 1 1 1 1 1 1 1 1 1 1 1 1       1 1 1 1                       
                    1 1 1 1 1 1 1 1 1 1 1 1 1 1 1 1 1 1       1 1 1                         
                1 1 1 1 1 1 1 1 1 1 1 1 1 1 1 1 1 1 1 1       1 1 1 1 1 1                   
                1 1 1 1 1 1 1 1 1 1 1 1 1 1 1 1 1 1 1       1 1 1 1 1 1 1 1                 
                  1 1 1 1 1 1 1 1 1 1 1 1 1 1 1 1 1 1 1     1 1 1 1 1 1 1 1                 
                  1 1 1 1 1 1 1 1 1 1 1 1 1 1 1 1 1 1 1 1     1 1 1 1 1 1 1                 
                    1 1 1 1 1 1 1 1       1 1 1 1 1 1 1 1       1 1 1 1 1                   
                      1 1 1 1 1 1 1     1 1 1 1 1 1 1 1 1         1 1 1                     
                        1 1 1 1 1 1 1 1 1 1 1 1 1 1 1 1 1 1       1 1                       
                          1 1 1 1 1 1 1 1 1 1 1 1 1 1 1 1 1 1                               
                            1 1 1 1 1 1 1 1 1 1 1 1 1 1 1 1 1                               
                            1 1 1 1 1 1 1 1 1 1 1 1 1 1 1 1 1                               
                              1 1 1 1 1 1 1 1 1 1 1 1 1 1 1 1                               
                                  1 1 1     1 1 1 1 1                                       
                                    1 1       1   1                                         
                                    1 1     1     1 1                                       
                                        1 1 1     1 1                                       
                                        1 1 1 1 1 1                                         
                                          1 1 1 1 1                                         
                                            1 1 1                                           
                                              1                                             
                                                                                            
                                                                                            
                                                                                            
                                                                                            
