001  (009):+++++++++
002  (597):++++++++++++++++++++++++++++++++
003  (613):++++++++++++++++++++++++++++++++
004  (679):++++++++++++++++++++++++++++++++
005  (453):++++++++++++++++++++++++++++++++
006  (044):++++++++++++++++++++++++++++++++
007  (106):++++++++++++++++++++++++++++++++
008  (125):++++++++++++++++++++++++++++++++
009  (072):++++++++++++++++++++++++++++++++
010  (020):++++++++++++++++++++
011  (023):+++++++++++++++++++++++
012  (056):++++++++++++++++++++++++++++++++
013  (058):++++++++++++++++++++++++++++++++
014  (041):++++++++++++++++++++++++++++++++
015  (014):++++++++++++++
016  (022):++++++++++++++++++++++
017  (036):++++++++++++++++++++++++++++++++
018  (037):++++++++++++++++++++++++++++++++
019  (013):+++++++++++++
020  (013):+++++++++++++
021  (017):+++++++++++++++++
022  (018):++++++++++++++++++
023  (013):+++++++++++++
024  (022):++++++++++++++++++++++
025  (017):+++++++++++++++++
026  (007):+++++++
027  (016):++++++++++++++++
028  (031):+++++++++++++++++++++++++++++++
029  (018):++++++++++++++++++
030  (016):++++++++++++++++
031  (019):+++++++++++++++++++
032  (031):+++++++++++++++++++++++++++++++
033  (028):++++++++++++++++++++++++++++
034  (031):+++++++++++++++++++++++++++++++
035  (023):+++++++++++++++++++++++
036  (010):++++++++++
037  (025):+++++++++++++++++++++++++
038  (051):++++++++++++++++++++++++++++++++
039  (026):++++++++++++++++++++++++++
040  (021):+++++++++++++++++++++
041  (040):++++++++++++++++++++++++++++++++
042  (043):++++++++++++++++++++++++++++++++
043  (058):++++++++++++++++++++++++++++++++
044  (052):++++++++++++++++++++++++++++++++
045  (028):++++++++++++++++++++++++++++
046  (021):+++++++++++++++++++++
047  (018):++++++++++++++++++
048  (470):++++++++++++++++++++++++++++++++
049  (010):++++++++++
050  (005):+++++
051  (005):+++++
052  (002):++
053  (001):+
054  (003):+++
055  (000):
056  (000):
057  (000):
058  (005):+++++
059  (000):
060  (000):
061  (000):
062  (000):
063  (000):
                                                                                            
                                                                                            
                    1 1                                                                     
                    1 1                                   1                                 
                                                          1                                 
                                                          1                                 
                                                                                            
                                                                                            
                                            1 1 1                                           
                                          1 1 1 1 1                                         
                                        1 1 1 1 1 1 1 1                                     
          1 1                           1 1     1 1 1                                       
        1 1 1 1                     1 1 1 1 1 1 1 1 1                                       
        1 1 1                   1 1 1 1 1 1 1 1 1 1 1 1                                     
                              1 1 1 1 1 1 1 1 1 1 1 1 1 1 1                                 
                                1 1 1 1 1 1 1 1 1 1 1 1 1 1 1                               
                              1 1 1 1 1 1 1 1 1 1 1 1 1 1 1 1 1                             
                            1 1 1 1 1 1 1 1 1 1 1 1 1 1 1 1 1 1 1                           
                          1 1 1 1 1 1 1 1 1 1 1 1 1 1 1 1 1 1 1 1 1                         
                        1 1 1 1 1 1 1 1 1 1 1 1 1 1 1 1 1 1 1 1 1 1 1                       
                      1 1 1 1 1 1 1 1 1 1 1 1 1 1 1 1 1 1 1 1 1 1 1 1                       
                    1 1 1 1 1 1 1 1 1 1 1 1 1 1 1 1 1 1         1 1 1                       
                  1 1 1 1 1 1 1 1 1 1 1 1 1 1 1 1 1 1 1       1 1 1 1 1                     
          1 1 1 1 1 1 1 1 1 1 1 1 1 1 1 1 1 1 1 1 1 1 1       1 1 1 1 1 1 1                 
              1 1 1 1 1 1 1 1 1 1 1 1 1 1 1 1 1 1 1 1 1     1 1 1 1 1 1 1 1 1               
              1 1 1 1 1 1 1 1 1 1 1 1 1 1 1 1 1 1 1 1 1 1   1 1 1 1 1 1 1 1 1               
                  1 1 1 1 1 1 1 1 1 1 1 1 1 1 1 1 1 1 1 1     1 1 1 1 1 1 1                 
                    1 1 1 1 1 1 1 1 1 1 1 1 1 1 1 1 1 1 1       1 1 1 1 1                   
                      1 1 1 1 1 1 1 1 1 1 1 1 1 1 1 1 1 1 1     1 1 1 1                     
                      1 1 1 1 1 1 1 1 1 1 1 1 1 1 1 1 1 1 1       1 1                       
                      1 1 1 1 1 1 1 1 1 1 1 1 1 1 1 1 1 1 1 1                               
                        1 1 1 1 1 1 1 1 1 1 1 1 1 1 1 1 1 1 1                               
                            1 1 1 1 1 1 1 1 1 1 1 1 1 1 1 1 1 1                             
                              1 1 1 1 1 1 1 1 1 1 1 1 1 1 1 1                               
                                1 1 1 1 1 1 1 1 1 1 1 1 1 1                                 
                                  1 1 1 1 1 1 1 1 1 1 1 1                                   
                                    1 1 1 1 1 1 1 1 1 1                                     
                                      1 1 1 1 1 1 1 1 1                                     
                                        1 1 1 1 1 1 1                                       
                                          1 1 1 1 1                                         
                                          1 1 1 1                                           
          1                                 1 1 1                                           
                                            1 1                                             
                                                                                            
                                                                                            
                                                                                            
